500
1 19 5
16 35 11
31 6 4
26 37 8
44 4 8
26 21 4
26 36 10
40 48 9
4 46 13
41 2 7
29 32 5
39 23 3
39 37 13
41 49 11
45 19 6
1 47 11
47 46 15
30 30 14
29 45 10
10 36 15
32 1 12
36 19 4
10 49 9
44 48 11
33 46 5
36 14 8
44 22 7
6 11 12
7 14 2
33 11 5
22 49 4
4 18 3
24 25 2
50 23 13
26 45 6
34 45 2
47 42 4
23 44 3
6 13 3
39 1 14
40 50 14
43 48 15
18 37 10
42 39 14
18 17 9
34 21 7
6 24 13
30 44 10
46 34 9
4 5 13
12 33 7
1 7 8
24 40 6
4 43 11
35 32 7
26 45 3
7 42 3
17 46 4
24 25 2
36 27 3
47 19 3
23 4 10
12 23 8
10 2 10
20 41 1
38 35 8
2 6 3
44 5 6
4 15 13
1 35 10
40 2 13
19 35 8
12 42 15
14 34 9
45 48 9
19 15 12
14 33 4
11 2 10
24 17 3
16 13 7
50 1 9
47 29 3
8 39 4
14 7 13
17 6 7
27 26 11
4 2 8
16 13 4
31 8 2
44 4 11
14 23 12
28 8 4
39 19 2
40 16 15
40 47 15
3 23 5
22 47 9
29 35 10
20 47 5
15 7 15
1 15 9
42 12 12
25 48 13
49 1 2
26 47 3
21 23 13
28 46 14
1 48 7
35 47 15
37 2 6
11 30 4
15 4 15
40 20 8
39 19 9
12 22 4
3 16 3
6 37 1
50 28 2
48 3 3
49 1 1
2 26 3
9 39 10
35 40 8
30 17 15
5 47 5
49 24 7
24 29 5
50 41 11
2 48 1
9 35 13
44 22 3
33 37 14
39 25 10
10 32 13
5 41 8
45 17 13
5 44 6
11 10 10
1 30 1
43 30 10
27 28 11
24 9 8
26 2 9
45 33 4
10 15 7
14 6 5
48 42 7
19 45 12
30 48 5
36 40 8
12 31 4
34 26 7
36 2 7
11 32 13
2 47 3
39 50 12
5 23 3
23 6 6
1 10 5
11 35 14
32 18 11
16 40 5
6 33 14
45 3 8
2 28 3
16 42 6
21 17 10
25 33 3
10 43 15
7 35 7
41 14 15
9 43 7
46 7 11
32 3 7
31 19 14
42 8 7
49 33 2
45 6 6
13 2 7
36 34 9
11 23 2
11 17 12
35 18 10
6 14 1
25 30 14
41 34 15
41 45 15
9 11 1
4 44 12
10 40 9
16 41 9
24 13 6
46 3 1
11 47 14
34 9 14
23 23 2
32 36 13
35 38 1
21 29 13
40 1 3
27 42 6
27 48 9
15 45 2
15 10 8
5 47 9
27 36 10
21 29 13
19 16 14
44 39 8
4 4 11
40 2 1
33 30 6
18 24 7
9 18 10
43 36 11
27 1 12
44 21 15
25 16 8
10 9 4
30 49 13
37 31 13
38 10 11
36 20 8
48 29 9
23 45 6
20 18 7
44 40 12
18 30 9
13 30 8
41 44 12
35 32 5
5 7 4
7 27 12
11 42 15
32 26 13
32 17 6
22 19 1
7 17 3
13 12 12
47 23 13
39 8 4
31 3 9
15 7 14
47 16 1
29 14 9
39 13 6
3 4 3
3 48 11
37 44 15
40 32 2
38 42 6
14 3 6
49 41 9
9 28 13
15 3 6
25 17 2
31 8 12
29 50 7
41 21 14
50 31 2
28 10 7
47 45 6
9 17 8
48 22 11
30 1 11
12 2 1
15 7 3
14 37 5
43 45 6
35 21 6
46 11 6
42 40 9
14 44 15
12 35 5
17 23 7
25 7 3
20 34 11
10 3 5
39 16 5
15 24 9
1 32 12
27 43 15
25 1 1
46 19 3
42 41 11
22 20 14
33 9 11
45 29 14
29 29 15
47 25 9
36 19 12
40 38 14
17 12 2
17 38 6
3 26 14
27 8 5
24 15 1
44 3 1
33 34 8
18 27 5
14 8 4
38 46 1
47 32 15
18 40 10
15 3 4
24 32 8
8 45 2
2 8 12
3 8 14
20 45 14
14 26 1
12 41 10
39 43 14
30 11 15
5 25 13
46 15 8
32 43 9
47 16 2
32 5 15
37 46 11
39 18 13
34 9 8
24 42 15
19 4 15
6 33 6
33 40 13
5 16 13
46 41 1
48 19 12
6 38 15
41 12 8
7 30 8
29 13 13
18 48 14
7 49 8
1 2 15
6 31 4
41 9 15
1 2 7
32 34 8
39 43 5
7 50 6
21 2 8
13 10 10
28 43 15
43 42 6
20 32 11
46 25 11
25 4 9
22 17 3
34 45 6
8 46 15
22 31 2
32 20 7
25 24 2
40 27 4
43 20 7
30 19 12
2 38 12
46 45 3
38 17 1
2 46 14
38 36 2
5 43 3
29 21 13
24 24 12
17 32 15
7 12 4
34 15 3
2 19 5
23 34 5
39 42 11
2 1 2
12 36 12
36 29 5
30 4 11
41 44 13
17 5 4
7 25 5
26 42 12
3 36 14
5 8 6
4 20 3
2 34 11
27 1 14
22 6 4
34 26 14
11 10 4
2 25 10
37 24 8
14 35 9
2 40 13
16 43 3
32 6 7
38 22 5
13 46 2
19 40 13
38 19 13
25 24 8
29 17 9
48 44 11
42 3 10
5 13 5
24 29 5
16 37 14
6 47 2
39 44 1
45 41 3
42 9 13
29 6 15
49 12 12
16 31 3
16 33 6
40 45 15
36 23 13
26 36 15
39 31 2
28 35 15
41 43 4
31 45 9
41 15 15
40 38 10
47 45 9
36 49 2
13 42 2
1 47 13
47 16 12
41 45 1
50 31 8
24 40 5
45 40 6
41 10 4
39 36 12
33 22 8
28 38 4
36 37 3
46 41 11
30 33 7
38 17 15
49 20 1
35 18 7
22 24 2
38 39 12
8 4 4
48 2 12
36 4 2
46 33 14
25 6 4
3 1 7
48 5 7
7 32 8
48 41 14
32 2 4
46 37 12
2 19 3
39 23 9
49 23 15
24 15 15
10 2 7
5 26 4
6 24 3
35 29 4
36 27 11
12 12 1
38 25 3
44 35 6
30 42 8
11 23 11
5 43 12
41 41 13
18 50 8
3 26 4
31 45 12
48 17 5
48 37 12
31 50 1
37 17 2
11 32 6
34 47 11
36 44 3
1 37 6
39 50 13
4 40 14
21 37 1
49 33 3
18 18 2
46 2 3
9 21 10
31 13 3
15 3 3
16 30 15
33 24 13
13 50 14
42 10 6
41 35 13
33 21 9
26 14 5
7 2 11
30 2 8
16 45 9
