500
5 3 10
43 9 4
40 11 8
33 22 11
3 3 14
37 28 5
29 14 15
12 42 15
48 24 8
42 11 9
11 40 12
3 5 7
3 24 7
47 28 1
16 15 1
36 49 5
8 49 4
48 40 15
30 40 7
8 31 14
22 47 10
29 43 3
3 33 3
33 4 14
4 2 14
22 24 5
35 44 9
48 7 6
10 43 11
38 48 2
43 16 1
25 35 12
43 15 4
1 37 15
42 25 3
10 17 3
42 47 7
10 31 8
4 28 5
10 37 11
33 41 11
14 7 5
39 41 10
30 47 14
14 50 10
15 12 10
32 8 8
12 44 12
2 33 9
39 30 1
32 13 6
2 29 11
49 23 12
19 38 1
16 37 8
42 41 13
5 4 8
13 47 15
26 49 3
33 32 13
35 26 11
20 30 3
6 4 13
50 40 4
13 47 9
29 38 11
41 50 2
17 2 14
43 17 12
27 30 14
25 31 15
14 18 6
46 24 10
36 23 2
23 1 6
50 31 10
49 23 5
20 38 10
47 2 11
42 43 12
17 48 14
49 41 8
22 37 6
37 6 15
35 24 14
29 44 7
33 20 13
40 33 5
13 15 13
44 25 4
21 31 15
42 30 12
40 43 9
44 42 4
31 50 7
49 13 2
16 27 9
36 19 5
10 9 10
48 38 8
34 49 15
31 10 10
40 11 5
50 44 7
14 34 4
29 24 9
35 16 11
8 35 5
16 1 6
29 36 10
12 48 7
28 45 2
32 16 4
23 14 15
2 12 15
37 42 6
13 25 2
35 28 12
49 21 8
3 26 15
45 14 2
26 8 9
26 3 13
36 19 7
17 14 4
23 16 10
23 6 3
28 29 6
39 38 2
45 23 11
23 1 7
29 11 3
15 13 8
23 28 15
31 41 14
37 50 14
18 4 11
25 31 15
40 48 6
30 13 4
24 24 13
3 1 14
33 23 3
21 27 11
15 47 3
30 8 1
19 33 4
7 27 14
50 3 13
32 37 12
32 9 11
41 6 14
13 30 13
17 21 6
7 37 1
8 46 7
16 8 6
47 7 14
7 23 2
32 13 11
48 32 12
13 28 9
26 37 13
19 32 10
12 5 12
33 18 13
24 24 3
20 44 3
12 5 4
38 46 3
7 16 10
28 27 14
23 8 7
19 31 4
27 22 6
5 22 7
26 7 12
35 3 5
7 27 3
36 27 3
8 38 12
4 21 6
50 29 12
30 47 12
8 20 6
46 48 13
50 8 4
39 27 15
33 2 8
12 33 6
27 43 10
30 26 10
35 10 14
11 46 3
34 40 6
21 13 5
43 3 4
50 13 14
22 34 7
6 23 10
5 28 6
48 33 9
22 40 6
9 1 15
44 2 14
3 30 14
23 12 1
38 5 1
23 2 15
36 17 2
27 13 14
20 7 14
19 20 15
18 7 12
3 3 13
8 33 6
31 7 15
6 23 1
39 1 3
23 9 5
13 36 2
13 36 6
16 8 14
18 6 14
39 11 9
11 3 10
34 50 5
6 48 1
47 31 9
15 29 11
49 33 7
14 38 13
3 25 8
47 21 4
25 12 14
9 30 13
11 7 14
31 17 12
38 41 7
5 43 3
33 29 6
8 25 3
30 12 2
39 27 8
17 25 1
18 38 10
28 48 10
28 32 2
46 25 13
1 34 1
42 29 1
45 28 9
13 43 2
44 43 11
20 31 3
26 29 9
23 13 13
48 13 1
48 50 5
47 11 12
30 37 5
30 16 2
5 39 5
38 35 10
17 16 15
44 11 7
50 11 5
29 3 15
6 12 3
33 1 14
5 19 10
33 10 12
37 28 14
23 6 12
30 24 5
2 39 15
40 50 5
42 29 13
3 8 15
33 39 5
38 35 11
15 40 12
14 15 12
35 48 6
26 38 8
17 4 5
36 28 9
37 24 9
11 1 13
33 29 8
15 48 4
26 12 9
14 39 8
26 8 11
30 18 1
26 49 4
28 8 8
41 3 5
38 2 3
38 43 5
9 32 13
21 19 6
26 5 1
24 13 13
18 9 13
15 39 11
39 27 10
50 4 15
39 9 2
45 33 1
28 43 11
34 30 2
45 46 5
36 1 12
6 34 13
20 50 9
25 17 10
38 33 12
18 15 1
30 8 6
46 40 4
34 47 10
30 25 13
39 20 14
7 25 10
42 4 5
40 27 15
15 12 4
24 24 2
8 29 11
47 25 2
40 1 2
33 22 13
18 38 1
22 12 15
45 26 15
17 31 6
20 17 3
12 21 5
27 19 8
49 43 6
39 13 14
6 37 11
8 29 13
37 5 9
44 20 15
47 24 4
48 35 5
9 21 14
48 13 13
38 15 10
24 28 3
1 22 8
17 28 15
50 44 14
21 43 5
33 22 4
23 46 9
16 30 6
33 33 10
36 46 4
39 49 11
43 16 15
50 23 8
43 42 13
9 13 1
11 15 9
30 45 1
10 1 3
25 27 5
9 49 6
8 5 4
28 46 9
39 39 4
46 14 8
1 35 15
22 45 7
17 46 11
23 50 5
22 47 14
20 13 8
27 14 8
16 28 14
34 19 14
8 10 9
5 31 4
7 22 2
37 30 15
22 24 1
22 19 10
8 18 12
16 23 2
1 23 12
47 18 12
39 29 5
32 18 1
14 40 7
48 14 15
36 34 9
47 1 14
35 34 3
28 34 3
19 25 7
47 12 10
5 47 14
30 39 12
22 16 12
2 11 1
7 47 8
41 42 6
38 37 12
47 47 13
17 14 2
9 29 13
7 14 9
4 24 14
50 10 2
39 6 3
39 17 14
27 22 15
15 32 13
23 8 13
7 46 1
25 2 9
24 36 15
48 5 9
4 22 11
6 1 2
25 50 3
32 12 14
15 19 4
32 30 11
43 20 10
11 38 5
41 22 12
24 29 4
38 10 11
40 12 11
48 48 8
24 44 9
18 12 10
39 16 4
17 15 12
34 14 14
19 8 12
12 9 10
6 39 8
31 22 11
12 45 7
13 1 15
32 20 2
22 27 6
32 11 10
20 22 10
23 34 12
47 1 4
16 31 13
33 27 14
28 10 8
10 36 2
46 45 8
33 33 4
48 5 5
24 17 3
9 12 11
26 32 15
32 29 12
24 17 9
41 42 12
26 7 15
15 34 9
47 7 12
46 4 14
9 10 11
40 25 4
30 39 12
50 50 1
26 29 10
10 35 2
22 28 13
49 46 4
15 37 2
21 19 13
12 4 13
49 6 11
10 25 12
27 24 8
32 40 3
30 10 8
18 2 1
13 27 4
28 2 2
49 8 4
50 13 14
36 22 4
21 45 2
47 18 11
48 31 14
21 14 9
6 44 6
