100
16 49 8
39 22 10
16 14 14
16 42 12
14 14 1
44 24 8
46 48 7
3 29 6
8 26 15
0 17 8
48 33 12
43 24 1
47 40 1
18 8 8
26 23 14
38 17 9
45 16 4
16 19 10
42 27 12
21 29 4
28 30 15
36 23 6
16 20 12
13 40 12
2 17 15
6 5 15
36 1 13
14 19 12
24 11 14
12 34 11
17 14 6
6 0 14
22 19 6
30 34 12
46 37 11
38 43 3
49 29 11
26 45 11
24 21 7
47 33 14
4 1 8
39 9 1
49 33 7
30 15 11
3 14 13
45 4 11
42 3 12
43 31 13
13 5 14
46 4 5
16 11 3
49 0 7
36 0 8
42 32 15
34 35 4
12 32 3
34 24 3
36 19 1
35 32 8
5 31 8
9 47 9
16 48 1
35 34 13
39 28 5
8 13 2
44 27 14
31 11 6
26 49 10
1 36 15
34 42 11
23 3 10
23 22 14
23 9 5
28 48 6
14 8 4
36 2 11
41 36 14
23 14 4
23 15 12
9 1 9
24 24 5
40 49 2
5 23 6
5 1 1
35 17 9
30 3 4
2 47 2
35 22 6
20 47 1
42 6 10
7 30 1
26 23 6
17 28 1
19 35 14
21 20 11
32 2 2
45 4 6
46 42 13
13 12 11
45 4 12
